,pos,neu,neg
0,0.1901993770991359,0.4060079296966931,0.4037926914086482
1,0.0932770555378864,0.3762076584090718,0.5305152902786109
2,0.24670495839919,0.5991014410308338,0.1541935710266312
3,0.0313064710003192,0.366495129697399,0.6021984143344234
4,0.2281820584648574,0.6246958078901752,0.1471221202473137
5,0.243249090184935,0.5730687848409686,0.1836821362595347
6,0.0441272966563701,0.4867312610149383,0.4691413640975952
7,0.147275410725602,0.51036595712815,0.3423586797989195
8,0.0261348406755668,0.4668687482674916,0.5069964501267805
9,none,none,none
10,0.6017585996392969,0.3681963528240765,0.0300450289325492
11,0.1117064542428324,0.4784616593437916,0.4098319095844255
12,0.2853266053474866,0.4484580567249885,0.2662153237141096
13,0.0856390940722005,0.688762345802751,0.2255986078830637
14,0.2446137114117542,0.4924022667109966,0.2629840178415179
15,0.0147176701575517,0.2664242088794708,0.7188580632209778
16,0.2359354197978973,0.6986512541770935,0.0654132887721061
17,0.1412531034339492,0.4182970420025834,0.4404498241307986
18,0.0652564884038622,0.5565828223203876,0.3781606939035592
19,0.0372699574300053,0.3460009080806264,0.6167291481737738
20,0.3160263392570857,0.4672736416605602,0.2167000150166576
21,0.0347115033606098,0.5730356486503687,0.3922528712931326
22,0.0826751292885029,0.4275730739528235,0.4897518168157498
23,0.0766249075531959,0.5831878781318665,0.3401871919631958
24,0.0336337632646686,0.5421996320548811,0.4241666307574824
25,0.1849234053865075,0.6625413477420807,0.1525352170690894
26,0.1562760145900228,0.4977075758978517,0.3460164112033038
27,0.1383781331653621,0.5120841651130973,0.3495376983667584
28,0.0268304489755605,0.4579357330686045,0.5152338243594895
29,0.1753467583577581,0.4309854394074567,0.3936678345670404
30,0.0179489347675856,0.4321000299749583,0.5499510477929219
31,0.5349075207731119,0.4393490619370958,0.0257434495331029
32,0.2257834523916244,0.6755673885345459,0.0986491069197654
33,0.1097500027924337,0.4740171864628791,0.4162327883655534
34,0.1902111807536936,0.677036675507437,0.1327521212978991
35,0.7987207277433865,0.1932513609566458,0.0080279063886036
36,0.0942915023815836,0.4644545969717643,0.4412538644072472
37,0.0234871389730921,0.3033662017786278,0.6731467076067654
38,0.1745280359536005,0.6187325711172771,0.2067394099099849
39,0.0295958069227306,0.4655009843079389,0.504903169464221
40,0.1553018452576133,0.4468929439908491,0.3978052307521143
41,0.0365676713131723,0.4521847863992055,0.5112475135496685
42,0.1892699269429508,0.6708949975735318,0.1398350766456101
43,0.2778389616004327,0.3436923445213454,0.3784686624672514
44,0.11403897424728,0.424501463464258,0.46145956156921
45,0.0695521068166602,0.5382917193451313,0.3921561941353962
46,0.2941714665893347,0.5650032713626048,0.1408252732859256
47,0.0809240952016646,0.4942089692835112,0.4248669575924315
48,0.0751493342533082,0.7483570954042994,0.1764935688701218
49,0.1187393298993508,0.3934548944234847,0.4878057440121968
50,0.017096161000047,0.3014606134418179,0.6814432564903707
51,0.077182350813092,0.4950015088061352,0.4278161182686998
52,0.0601733183215358,0.3911124711548449,0.5487142274286312
53,0.1164265847803822,0.5299184317376288,0.3536550059634413
54,0.0640849430402021,0.4861743042147962,0.4497407370077404
55,0.2408528277491774,0.5149506545654862,0.2441965060250107
56,0.456063936669898,0.4480279438373107,0.0959081530503178
57,0.2699840183278131,0.5934159087470776,0.1366000480641046
58,0.0967863717902347,0.5125734268828942,0.390640241671381
59,0.0316498228366497,0.395313259313315,0.5730369438349974
60,0.1484209266168356,0.4009135106265636,0.4506655604978923
61,0.1179927269768559,0.6448293576530159,0.2371779315561508
62,0.0361256889560643,0.5784625018344206,0.3854118364698746
63,0.0759241114657085,0.3887530885636806,0.535322795349818
64,0.250723824167732,0.6809990230375333,0.0682771665886307
65,0.1208092764702061,0.482711058005061,0.3964796527961112
66,0.2613349763072423,0.5291345649575059,0.2095304848500401
67,0.1000741234312028,0.4936687339302952,0.4062571283315588
68,0.045515996221104,0.5844974366559723,0.3699865740501628
69,0.2168255292886645,0.6074861975960761,0.1756882757510779
70,0.2091944724471376,0.440473869776299,0.3503316485008403
71,0.0354543700814247,0.5545362234115601,0.4100094139575958
72,0.4106291129345187,0.5169068829998342,0.0724640303993274
73,0.0576863562765722,0.38032128748737,0.5619923386992586
74,0.1132263365364947,0.6392879788126788,0.2474856861581692
75,0.3899595402038781,0.3926808463919694,0.2173595898470301
76,0.0983675968716478,0.3234736523635901,0.5781587712778156
77,0.1022866740822792,0.6642776131629944,0.2334357053041458
78,0.0113346126389676,0.2200002398543463,0.768665111256028
79,0.0190434981289021,0.3917211600753109,0.589235368670459
80,0.0455203568610044,0.3951883786173939,0.5592912769486718
81,0.0464335963384146,0.3394005508354365,0.6141658490072247
82,0.0416258760850261,0.4352252847080268,0.5231488790019125
83,0.0778103501758944,0.3911662926072031,0.5310233533382416
84,0.089190858322432,0.3988133339461551,0.5119958295862177
85,0.0243253108419594,0.5260046848561615,0.4496700284071266
86,0.117227154800409,0.5887003760549087,0.2940724501315551
87,0.2597799091386505,0.4566535446843047,0.2835665383348568
88,0.0408905955532995,0.6332516830701094,0.3258577545101825
89,0.0868350812430417,0.4973293142046585,0.4158355882830418
90,0.2329880073964595,0.437059139251709,0.3299528291225433
91,0.0205875328983004,0.3329011886591637,0.6465113127579742
92,0.542007367421941,0.4354663769282946,0.0225262678648549
93,0.0198470312148188,0.3922980733923674,0.5878548814094776
94,0.0199000560255213,0.32340290927588,0.6566970268947578
95,0.5773787307958662,0.4050751833096603,0.0175461350414513
96,0.034685768187046,0.4216323494911194,0.5436818599700928
97,0.0748886241469428,0.5884926477388474,0.336618728084032
98,0.0391368927534858,0.389738754296178,0.5711243042355016
99,0.1858402985656999,0.7096897463515862,0.1044699142389383
100,0.2645612836942165,0.6852716569893459,0.0501670735342615
101,0.1168349033217809,0.5683577608188155,0.3148073264816871
102,0.0271540516629635,0.3947166115470827,0.5781293378899571
103,0.0232466694018964,0.4057716561185903,0.5709816739476961
104,0.0984177659272961,0.5844714993991644,0.3171107197375082
105,0.3491303922333895,0.6167209026656819,0.0341487066558898
106,0.206129496246984,0.3731552733646046,0.4207152380785114
107,0.2312545180320739,0.7502673268318176,0.0184781700372695
108,0.0984550972846951,0.5402413570796544,0.3613035318634982
109,0.0464164863283536,0.4844623151279631,0.469121192791024
110,0.1448004938849882,0.6118067329671203,0.243392791768082
111,0.0117701064573218,0.2463031882876591,0.7419266627061183
112,0.0400900761119679,0.5434848013278031,0.416425139027855
113,0.0728364437818527,0.6370998620986938,0.2900636494159698
114,0.0476397924222957,0.4772255244505339,0.4751346787612741
115,0.0343245693260715,0.5180533070412894,0.4476221927574703
116,0.2028170901157063,0.7195412960689237,0.0776415933347526
117,0.0205639446182458,0.2065998441342151,0.7728362348946658
118,0.0392118274820927,0.4864585239456613,0.4743295952612083
119,0.0653155024529431,0.4398134025502297,0.4948710812552893
120,0.0523047842566318,0.2831073348974659,0.6645878483802606
121,0.3559237718582153,0.4954314827919006,0.1486447006464004
122,0.0539652060923309,0.440619454289285,0.5054153391661552
123,0.2687464794843872,0.4367470442510458,0.2945065069282281
124,0.0221856187396531,0.4499903641140053,0.5278240091351191
125,0.1865570529231003,0.6019615020070758,0.2114814974899803
126,0.0444695466942401,0.3944746031262883,0.5610558286473393
127,0.0508326620823467,0.5182008087024157,0.4309665277534836
128,0.0439177690209463,0.4235650047682014,0.5325172142323554
129,0.0456659997555803,0.556785541011932,0.3975484502759385
130,0.1143108217267865,0.5480106978599032,0.3376784738542756
131,0.3317230629467221,0.5483672651177596,0.1199096905318923
132,0.0506881549954414,0.7375876307487488,0.2117241621017456
133,0.026043651625514,0.46694415807724,0.5070121884346008
134,0.1639884769041555,0.5193524939380365,0.3166590366437413
135,0.0537301425981085,0.4447603143327604,0.5015095124399759
136,0.2860004778566032,0.5610677540115427,0.1529317239655596
137,0.0644036816605894,0.6255414320021561,0.3100548855883558
138,0.0398471553881581,0.4658587884444457,0.4942940389021085
139,0.0362145937239237,0.2871263777661675,0.676659030013133
140,0.3167480579189335,0.4367901644824693,0.2464618146962796
141,0.0339640006422996,0.441152423620224,0.5248836278915405
142,0.0660592054343037,0.3418068993543975,0.5921338995033192
143,0.1345952456512652,0.3303655196835056,0.5350392089940356
144,0.1500877294584969,0.6721878398244625,0.1777244881491794
145,0.1080601535963289,0.5900290904466028,0.3019107668335415
146,0.0471814454758368,0.3389283691345072,0.6138901861252729
147,0.0278414380696015,0.4128451566837636,0.5593133919838211
148,0.1812493073354874,0.5824215297188077,0.2363291423368667
149,0.0688373460984839,0.3797528937982675,0.5514097467969401
150,0.2497401686685351,0.5459771086887628,0.2042827360813218
151,0.0165924257013255,0.3398446176580326,0.6435629732594519
152,0.3983745276927948,0.4787395298480987,0.1228860020637512
153,0.241753876209259,0.5692451596260071,0.1890009939670562
154,0.0168806574129987,0.3423312615071024,0.6407880462883484
155,0.1731680843273666,0.5760818285865509,0.2507500885217424
156,0.0913910484550712,0.5667220168163843,0.3418869546779962
157,0.1702248634556322,0.3536531408107263,0.4761220050821138
158,0.0140179921578191,0.3257238993161841,0.6602580909487568
159,0.155792170289548,0.6378646745086878,0.2063431748811729
160,0.9033632575507332,0.0896133786708212,0.007023344851036
161,0.1381235433890756,0.6294728097310812,0.2324037004514957
162,0.3277824223041534,0.6698541045188904,0.0023634661920368
163,0.4685217883361845,0.3969004153445059,0.1345777773507395
164,0.1382611138995369,0.485195436632969,0.376543457685432
165,0.0367627037057194,0.3629358662602114,0.6003014572179503
166,0.3990773472663849,0.5223329203790732,0.0785897480790827
167,0.1381516316047464,0.42868650413392,0.4331618504369294
168,0.0600683970561691,0.3949014695091101,0.545030126953853
169,0.5475701228605482,0.3945996598817232,0.0578302030685037
170,0.0052946745418012,0.0859869047999382,0.908718466758728
171,0.2272356638294222,0.4946315049400446,0.2781328115283899
172,0.0144858646365438,0.2695543136700843,0.715959840277197
173,0.5166752669202836,0.4444314313751039,0.0388933009587815
174,0.6158708333969116,0.3707610666751861,0.0133681334555149
175,0.3767380769193358,0.5176097336587876,0.1056521692403194
176,0.7824051960094556,0.1978730829180898,0.0197217059699264
177,0.4491554411252339,0.3804136573870976,0.1704308825830618
178,0.0487927888596583,0.4714880454277467,0.479719169273644
179,0.1683473237182783,0.6118371512578882,0.219815507531166
180,0.2927038371562958,0.6958989500999451,0.0113971820101141
181,0.1047954598087759,0.6528243671325137,0.2423802156500356
182,0.0742008204815342,0.6456527992975798,0.2801464057083038
183,0.4152956641805899,0.4432639834675673,0.1414403546408577
184,0.0231887120753526,0.4370479583740234,0.539763331413269
185,0.4005306247755777,0.5365923340800854,0.0628770197433479
186,0.476331889629364,0.50431227684021,0.0193558223545551
187,0.6144140291099365,0.3583133361803797,0.0272726163653155
188,0.1783558504561246,0.6055781440209534,0.2160659712502511
189,0.311252631263032,0.4083467514729806,0.2804006536695067
190,0.0722757471806329,0.5227278594678569,0.404996406890658
191,0.0360851619798848,0.4294668077788454,0.5344480546389488
192,0.1020643394962649,0.5803787461587679,0.3175569170705467
193,0.0837936968757556,0.6586019488481374,0.2576043132023933
194,0.4251699385083751,0.4302481832327666,0.1445818513386534
195,0.0203677027704036,0.4081031627100498,0.5715290884769971
196,0.0265092130462666,0.4703608403273199,0.50312995286875
197,0.019501720622249,0.4143490759773297,0.5661492315498559
198,0.3885674172420106,0.5002332877270453,0.1111992793400899
199,0.1243443465994104,0.5523071789871091,0.3233484781144753
200,0.3127403029080094,0.6002440244576026,0.0870156932442352
201,0.3409379151897556,0.4574758415922113,0.2015862254075569
202,0.0175059893312798,0.4196863633599453,0.5628076755384884
203,0.1359575419579649,0.515622360698022,0.3484201035640796
204,0.0484818984399136,0.5704731802964949,0.3810449555977103
205,0.218956915414647,0.5625395417527148,0.2185035230689927
206,0.0688459724187851,0.7104662656784058,0.2206878364086151
207,0.0658396689034012,0.6253108760667225,0.3088494309041866
208,0.5016964077949524,0.4893146753311157,0.008988888002932
209,0.0814635766981608,0.5839697532482928,0.3345666651331117
210,0.039379214127548,0.3786068711429834,0.5820138891413809
211,0.0277385224468548,0.3527472685169242,0.6195142052693074
212,0.2866773979677414,0.371536210582063,0.3417863992054762
213,0.0662107271906723,0.5307709220596539,0.4030183275433852
214,0.0375412294739171,0.4745356628769322,0.4879231102633894
215,0.0285146832466125,0.3883614540100097,0.5831238031387329
216,0.042651667094589,0.3785247216119042,0.5788235633244997
217,0.0631631357598713,0.46225656736179,0.4745802913852862
218,0.2625567845221775,0.6139238614644578,0.1235193458399666
219,0.0270157138453244,0.2844420185118365,0.6885423038634786
220,0.3564988283167523,0.3694097981840708,0.274091375130866
221,0.0901829185835458,0.6959372330697624,0.2138798610723604
222,0.0369410571184086,0.3634308995055271,0.599628035934087
223,0.0278998512520099,0.3292781105466026,0.6428220482181302
224,0.4438852369785309,0.5470772385597229,0.0090374592691659
225,0.0589577470225733,0.5713447918192713,0.3696974350565176
226,0.2280545764050241,0.559230116464324,0.2127152791720325
227,0.0625376093106967,0.5111698931656938,0.426292503914179
228,0.0183607786893844,0.3054871261119842,0.6761520504951477
229,0.6211838595860497,0.2848061609201591,0.0940099949277313
230,0.0308525272554737,0.2703968072354509,0.6987506655090754
231,0.1190872771513401,0.3678741807840308,0.5130385115020434
232,0.2764936131410573,0.5872154003350523,0.1362909821861701
233,0.1045842096209526,0.8094717860221863,0.0859440118074417
234,0.0545452646911144,0.6947659850120544,0.2506887018680572
235,0.0304033668904468,0.3818090013388929,0.5877876148141663
236,0.1330808352426704,0.6063551393400626,0.2605640231613144
237,0.1016708805806954,0.7568357233590307,0.1414934013515477
238,0.1231824289123385,0.4492655893705659,0.4275519940206559
239,0.0082620585425978,0.1778871175788697,0.8138508541243417
240,0.034673274447552,0.4212550890596607,0.5440716293290697
241,0.0212145216610966,0.3089956723305643,0.6697898251669747
242,0.1737648958345782,0.356419577183625,0.4698155519475605
243,0.0189218389359371,0.4005860617730469,0.5804921128405229
244,0.2024221107188621,0.5182719901009577,0.2793059083329168
245,0.0989772166254328,0.3555044062083323,0.5455183570000838
246,0.1367867344477832,0.6508607407344267,0.2123524844271424
247,0.0376618496086224,0.4372745040669498,0.5250636293227413
248,0.2375234021168006,0.5309679401548285,0.231508688863955
249,0.0515931823800476,0.4817021543968398,0.4667047035862814
250,0.0350128476645133,0.3627719196854327,0.6022152138695852
251,0.2004408621274858,0.4341004951628896,0.3654586292416801
252,0.0360334819905419,0.4622491686070551,0.5017173668074477
253,0.0602238841779439,0.4508215335767661,0.488954549971235
254,0.0135929275221701,0.2169060677070289,0.7695009393539709
255,0.0354263463712622,0.4433795016918456,0.5211941346027064
256,0.0139310288590923,0.2004948408986037,0.7855741208004502
257,0.0837159202034984,0.4759849848655554,0.4402991015832503
258,0.2436854119352252,0.4700137485086186,0.2863008432541264
259,0.0249443704191127,0.3919912736272551,0.5830643427827971
260,0.017103805881122,0.3776474749219829,0.6052487122601475
261,0.0482829342381658,0.4558100623805503,0.4959069911763522
262,0.1064558606217387,0.5352413187223055,0.3583028308683129
263,0.3408936274931735,0.5269053331557536,0.1322009912673259
264,0.1304995200886458,0.5170071077891519,0.3524933705116198
265,0.0240345660154477,0.3991238424683561,0.5768415809857963
266,0.0068512116558849,0.1867067366838455,0.8064420819282532
267,0.635350227355957,0.3190872371196747,0.0455625467002391
268,0.0582428574562072,0.4580127596855163,0.4837442934513092
269,0.0382816940546035,0.2975846827030182,0.664133608341217
270,0.0134468739852309,0.2290348708629608,0.7575182914733887
271,0.0989790663448156,0.4134620622100446,0.4875588602130145
272,0.0230570525191236,0.1940663006888726,0.7828766347018912
273,0.0253121871501207,0.3753628730773926,0.5993248820304871
274,0.2771427923105132,0.389298505766291,0.3335586791517029
275,0.8545612096786499,0.1318269222974777,0.0136118298396468
276,0.0354039861510197,0.3569590648015339,0.6076369484265645
277,0.4509968161582947,0.4893195033073425,0.059683658182621
278,0.3244976699352264,0.5176824331283569,0.157819852232933
279,0.5646829009056091,0.3953709304332733,0.039946224540472
280,0.2312469184398651,0.5376324653625488,0.2311205714941024
281,0.0080825518816709,0.3099125921726227,0.6820048093795776
282,0.1822749239015162,0.5006641533779681,0.3170609025300939
283,0.2023963380407616,0.7563985599982028,0.0412051152092534
284,0.0421955354256581,0.4000597024617129,0.5577447871639305
285,0.1021908911985947,0.5473802269381635,0.3504288873690016
286,0.0299679192356796,0.4785771659154932,0.4914549430714378
287,0.2491522615581202,0.5772791108470753,0.1735685871879747
288,0.0810060549321197,0.3372804186088853,0.581713505427331
289,0.1222214185837033,0.5938281902150151,0.2839504175691356
290,0.1554907920688351,0.5321110213241502,0.3123981873461984
291,0.8745874166488647,0.1209478974342346,0.0044646724127233
292,0.0591652526568483,0.5389614084914879,0.4018733406949926
293,0.5874787787227479,0.3769684054095802,0.0355527855181666
294,0.1782867400321418,0.5536586172923357,0.2680546523122016
295,0.1587774305538812,0.445000740256108,0.3962218141524305
296,0.6786189352879759,0.317003381952562,0.0043776857811713
297,0.1048070206338127,0.5124686777191674,0.3827243377298316
298,0.1275056752523309,0.712169958348561,0.1603243867201464
299,0.1937211953366223,0.4418268806277177,0.3644519409164786
300,0.0884241045124805,0.734524221527985,0.1770516621859924
301,0.070374715678168,0.465533581647006,0.4640916680747812
302,0.0306333260926997,0.5137078076549909,0.4556588692587399
303,0.0700003373510155,0.5187893840239236,0.4112102718729721
304,0.0884320567329446,0.4938373987491314,0.4177305284913603
305,0.2597243459659632,0.4141601497101561,0.3261155145027031
306,0.130577144518854,0.6310202007169847,0.2384026731210648
307,0.0488074756529484,0.2510495728536232,0.7001429277195318
308,0.6024694822306903,0.3852183441367914,0.012312177641159
309,0.2074714936022021,0.6235402092723996,0.1689882866845055
310,0.0443307766176836,0.5378003824359351,0.4178688303681597
311,0.4360222773992013,0.3930221426988316,0.1709555637126213
312,0.1053038073673111,0.5405691042298177,0.3541270890685378
313,0.0427010282874107,0.6013211607933044,0.3559777736663818
314,0.0415521650976001,0.5688173058411933,0.3896305597085037
315,0.0434335207314172,0.5673073858241022,0.3892590725596571
316,0.1807379359118292,0.6628729418802113,0.1563891185290902
317,0.0782583244798476,0.5272000744229272,0.3945415616408924
318,0.1851577308392546,0.5923299161549211,0.222512351983599
319,0.0725560654844071,0.5367489335786759,0.3906949805565158
320,0.0163010045274104,0.4029473423614281,0.5807516181503317
321,0.1472182640609163,0.5457717551392798,0.3070099804218757
322,0.1639779664631655,0.5302390026957242,0.3057830308411103
323,0.139719416210641,0.4705944167171801,0.3896861922692803
324,0.2625781762914689,0.5463547982005003,0.1910670465196516
325,0.2052476393537431,0.4801267810914457,0.3146255668817905
326,0.0667147490066055,0.463412838556201,0.4698724163445301
327,0.1752150573909656,0.5296607421932737,0.2951242197966028
328,0.0244294628500938,0.2759551107883453,0.6996154189109802
329,0.0922394394874572,0.6871429085731506,0.2206176519393921
330,0.0899443472712493,0.7510542250861807,0.1590014210909851
331,0.0672670425257491,0.5305633222936985,0.4021696465398798
332,0.1588951505454523,0.5648239732143425,0.2762808837706134
333,0.1175427402416203,0.745761495060716,0.1366957711606016
334,0.2125917178133259,0.6845046043395996,0.1029036743485409
335,0.0371323368675608,0.3027738697656238,0.6600937483874897
336,0.1072984859347343,0.7709826827049255,0.1217188760638237
337,0.233921376897872,0.6066472920977954,0.1594313133905813
338,0.1352807385846972,0.6469203680753708,0.2177989124927831
339,0.0500504095399879,0.4525466847833227,0.4974029153550083
340,0.0229157465411921,0.3014230027061993,0.6756612458538953
341,0.0676785799466628,0.4019817590634239,0.5303396033321289
342,0.1918657358234422,0.6491312735677628,0.1590029890925317
343,0.1017895028631385,0.3740331716527624,0.5241773129741023
344,0.0770102650135183,0.6549733657695443,0.2680163656021703
345,0.0190449838972375,0.3822506300127689,0.5987043955460114
346,0.1248958127555688,0.6401003342389316,0.2350038515634517
347,0.2580252975564111,0.4904687598799214,0.2515059134104487
348,0.0527419022297725,0.3519488089924675,0.5953093246991183
349,0.1036098938372781,0.5731799579638657,0.3232101417130989
350,0.1956498920917511,0.5439049601554871,0.2604451477527618
351,0.0404302948037676,0.4977856439359157,0.4617840891955431
352,0.0319767555836634,0.2493737735612221,0.7186494462247522
353,none,none,none
354,0.0941988538466226,0.5175033247346122,0.3882978476572821
355,0.2793011834032458,0.5419847169332759,0.1787140991549817
356,0.148721095511239,0.4886304031481895,0.3626485266247574
357,0.4609686518476987,0.4096514800110378,0.1293798428651229
358,0.2729793787002563,0.6142082214355469,0.1128124222159385
359,0.2950874336225831,0.4400829038974168,0.2648296913375025
360,0.1038708658093333,0.6475171757553091,0.2486119604477631
361,0.5350303435671157,0.4058217041734336,0.0591479378846892
362,0.1251478403867882,0.5567263499422485,0.3181258293453917
363,0.0292922099595512,0.4225180546866297,0.5481897315490982
364,0.1392792241179274,0.4915445099997173,0.369176275702871
365,0.0893797136767776,0.713883344247451,0.1967369379691519
366,0.0352900790361066,0.5179946495900078,0.4467152754465738
367,0.261947319511152,0.5732383042263025,0.1648143221542305
368,0.2120400192897494,0.6316469233210493,0.1563130318709626
369,0.1758829816451503,0.5835481986403466,0.2405688199111156
370,0.3481737180239594,0.5646755116463806,0.0871507881392371
371,0.6275787595475074,0.3341814335620049,0.0382398356416142
372,0.1987613938424898,0.6266364055585534,0.1746022296170075
373,0.1028889180982814,0.7574337003031751,0.1396773888876563
374,0.2404064756276002,0.5337450172177595,0.2258485517098535
375,0.4245955646038055,0.5446363091468811,0.0307681486010551
376,0.0595348424331069,0.4521466340040015,0.4883185078483482
377,0.1290706641616911,0.5177370220621326,0.3531923098694905
378,0.0210387629975799,0.3917056904494307,0.58725556071478
379,0.0208418098161476,0.2191743671045883,0.7599838349442896
380,0.1784047577691181,0.668801090559286,0.1527941818711393
381,0.3942801259715931,0.3267325855145652,0.2789873069542477
382,0.1541697061186035,0.6415843065579733,0.2042459816858172
383,0.0507781593904448,0.248262419531654,0.7009594185011728
384,0.2231599323957869,0.4634236341830596,0.3134164448976697
385,0.1326603446637883,0.4915853792078354,0.3757543043879902
386,0.1291541488360181,0.6218866642880894,0.2489591650987621
387,0.1401111185550689,0.7387792468070984,0.1211096048355102
388,0.1285830704275697,0.514304446341169,0.3571124757915258
389,0.4011608856201172,0.5333003964424133,0.0655387218117714
390,0.0668239728751457,0.4571482067808559,0.4760278313850312
391,0.112763664294202,0.5517597253258164,0.3354766151926539
392,0.2871190875821943,0.5686770323774953,0.144203849527563
393,0.1558856547064788,0.6466773245338344,0.1974370143203393
394,0.4151390950967366,0.3525657253738507,0.2322951835446088
395,0.0714351037853915,0.548085922371059,0.3804789742015865
396,0.0411009894170123,0.4526585849194691,0.5062404305770479
397,0.4142170727520246,0.5384578536444181,0.0473250711311673
398,0.2191178606717347,0.646760073941868,0.1341220589769459
399,0.1980906070179651,0.3957123627131823,0.4061970705034179
400,0.0407288615544922,0.4765378665581024,0.4827332472629684
401,0.1545775314022406,0.5946919160795727,0.2507305700775276
402,0.1822232104726691,0.640622062914407,0.1771547014255132
403,0.087651339287706,0.5435280057988534,0.3688206365714324
404,0.0468466534018516,0.6946524398326874,0.2585009291172027
405,0.0442647088319063,0.6362096339464187,0.3195256523787975
406,0.1615295399183466,0.6153258355872431,0.2231445864715937
407,0.2165944303268367,0.6402317779735454,0.1431737976745494
408,0.078270973762858,0.4498498532847453,0.4718791525590089
409,0.1793189335999026,0.692496155737361,0.1281849473760749
410,0.2261261169878087,0.4573080855746602,0.316565801688405
411,0.1606454646209822,0.5649101064211596,0.2744444252024442
412,0.3799111545085907,0.5973792672157288,0.0227095670998096
413,0.0600984893266429,0.5704301990878399,0.3694713022111541
414,0.1201096464772887,0.510610850648753,0.3692795078389458
415,0.2904193853630739,0.60598163867698,0.1035990089031995
416,0.0367583436466622,0.4426613033863535,0.520580372057463
417,0.0959646832053959,0.5576741738702635,0.3463611497300485
418,0.024059006952727,0.3052537620607005,0.6706872083482699
419,0.104207620024681,0.860028862953186,0.0357635244727134
420,0.0828551817899462,0.5077136038070046,0.4094312061327823
421,0.05063716928366,0.4230386690621662,0.5263241939115019
422,0.2354926296574778,0.4055106407681176,0.3589967639380416
423,0.0253761444631526,0.3163183742147242,0.6583055170492066
424,0.1008952639399553,0.4317102354230746,0.4673945122169999
425,0.1683235888528387,0.7386819647579659,0.0929943633992679
426,0.059372205287218,0.4262274801731109,0.5144003033638
427,0.0270761988573318,0.40559780152822,0.5673260029079845
428,0.0227608220433936,0.3510177209973335,0.6262214374878714
429,0.0791401314526432,0.7555189845038623,0.1653408305492343
430,0.1270582223764947,0.5173322659199152,0.3556095054162326
431,0.3261579120218163,0.6198137018940236,0.0540284091366989
432,0.0288548623710604,0.4780319958393062,0.4931131627942834
433,0.0275613442731545,0.6170283908801228,0.3554102340086693
434,0.1238469898283898,0.6517189586912835,0.2244340077146783
435,0.1560175557549183,0.6011434151576116,0.2428390431862611
436,0.2684965827378882,0.6497485933533633,0.0817547983624579
437,0.1264111297077512,0.5486239129549837,0.3249649759892323
438,0.0473924103732171,0.5722359089474929,0.3803716709739283
439,0.1025244171756344,0.7219505205347732,0.1755250773921206
440,0.0231799222528934,0.4654861390590668,0.5113340020179749
441,0.0390476286870064,0.447735677652171,0.5132167009737691
442,0.1343359776430633,0.7154987239208956,0.1501653070956408
443,0.4206667525088128,0.3064290918333642,0.2729041415908524
444,0.1050924708335365,0.5930977714340201,0.3018098037122221
445,0.2647397011351674,0.6211673222593407,0.114092927231495
446,0.3443278355079061,0.5192844883350562,0.1363876756388214
447,0.0796969510244985,0.6841962371312134,0.2361067894925462
448,0.2572434761704908,0.5267844385214715,0.2159721069493328
449,0.0455879480697405,0.4752916318115912,0.4791204190944787
450,0.0354347791682723,0.3392918523103913,0.6252734112593294
451,0.0499693142125415,0.2478289328545775,0.7022017867219947
452,0.1787288486103615,0.5118650266297567,0.3094060758294212
453,0.1418838202953338,0.6796871423721313,0.1784291267395019
454,0.0488933994345469,0.4843581094317239,0.4667485060757153
455,0.1206090865720167,0.6427282580281191,0.236662649264092
456,0.2046147010156086,0.66946188722338,0.1259233933474336
457,0.1208424680224372,0.395326593333045,0.4838309212887691
458,0.0631451700687381,0.4563472055939629,0.4805076372645357
459,0.2219867698478976,0.573628010537812,0.2043851308372556
460,0.0491708331366083,0.529181223307083,0.4216479103067028
461,0.093997061252594,0.6924564242362976,0.2135465145111084
462,0.0684316952106063,0.5560063818526088,0.3755619097218821
463,0.0426770107397301,0.5398111547936093,0.4175118348137898
464,0.1195798814296722,0.6146236658096313,0.2657964527606964
465,0.0866753063735462,0.3827932191792355,0.5305314410117364
466,0.0620602072366247,0.364724759411599,0.5732150453675006
467,0.0287172052665485,0.3757660339802007,0.5955167399231858
468,0.0485791567856855,0.5635542073765317,0.387866657673162
469,0.0476492886095398,0.4817436730727218,0.4706070529002893
470,0.1743059411209865,0.5485549425556713,0.2771390606887149
471,0.0314633926305114,0.3605576572713765,0.6079789504756942
472,0.0315912142395973,0.6901999115943909,0.2782089114189148
473,0.0800487920641899,0.6736661791801453,0.2462850511074066
474,0.3294087812396291,0.511966238704795,0.1586249947502016
475,0.1051413850443871,0.5222844294289728,0.3725741976639941
476,0.0737671286850753,0.5263819125894871,0.3998509146687057
477,0.3518779711539279,0.5101208783074074,0.1380011911263884
478,0.0275042261928319,0.4202248156070709,0.5522709488868713
479,0.0389847656700508,0.4518872111852915,0.5091280739731584
480,0.0609723827458064,0.4318710103326914,0.5071566153545769
481,0.0292541030265078,0.4364541773867059,0.5342917490715264
482,0.2465790982188826,0.6705661893568255,0.0828547262671318
483,0.8036305904388428,0.1829220801591873,0.0134472707286477
484,0.0468614442497491,0.4542126375436783,0.4989259666204452
485,0.0245896973647177,0.278927743434906,0.6964825987815857
486,0.0217442008787191,0.3580651775885378,0.6201906560986621
487,0.049055906407261,0.4447196711473958,0.5062244145316389
488,0.0410634167492389,0.439534842967987,0.5194017291069031
489,0.0872571045441581,0.4178185892361467,0.4949242862891695
490,0.0670886460737306,0.4008638213848581,0.5320474951121271
491,0.0695770655220432,0.5939576620821186,0.3364652715069498
492,0.0604864911182473,0.536896587649981,0.4026169313987096
493,0.0596803382357471,0.6033388601409064,0.3369807528506996
494,0.0280702515659739,0.4763087626882074,0.4956209884435645
495,0.1719035435702622,0.6142020305310647,0.2138943917404009
496,0.0256167936262844,0.5073445043095617,0.4670387075259508
497,0.0403208062052726,0.4546654224395752,0.5050137639045715
498,0.0451658732063972,0.5146636190939124,0.4401705383046995
499,0.1084108779834089,0.6107715273998222,0.2808175612222023
500,0.0255049600901998,0.4275318161868827,0.5469632224464194
501,0.0689917071426916,0.5616777478932925,0.3693305157623405
502,0.0348688766580098,0.4648066337064186,0.5003244867143424
503,0.0310903826372677,0.2831744348734952,0.6857351774580023
504,0.079305907103176,0.6522815424742573,0.2684125335338599
505,0.0724686981644481,0.4114149071276188,0.5161163517856039
506,0.0123117193579673,0.1635490655899047,0.8241391777992249
507,0.210126659796949,0.6780988452727335,0.1117745054722355
508,0.3202538840742762,0.4543271522913407,0.2254189395331847
509,0.1789740242576792,0.7424892906235299,0.0785366532351324
510,0.2732062149946003,0.5317617168398519,0.1950320606712259
511,0.0269889645278453,0.5920854210853577,0.3809256255626678
512,0.0315724437063415,0.4037433994696444,0.5646841669899848
513,0.0220917656081621,0.3283258979697057,0.6495823916571829
514,0.0271380536067877,0.3270201442450502,0.6458418122173226
515,0.1942539907677073,0.4988241404908449,0.3069218857090754
516,0.0439997209565333,0.4633611290412054,0.4926392130594885
517,0.3631827862000342,0.5543341512696582,0.0824830698646747
518,0.0386483396983659,0.3864498237361673,0.5749018299775045
519,0.5660005537231374,0.3453020742071628,0.0886973786725549
520,0.0327011865579283,0.3275344957182214,0.6397643279357951
521,0.2101657942066428,0.540056295252866,0.2497778997060419
522,0.4896125495433807,0.4640248715877533,0.0463625229895114
523,0.0362044237554073,0.444607526063919,0.5191880464553833
524,0.0205432479250318,0.3129400997481087,0.6665166511695255
525,0.2517900321455228,0.611118597643716,0.1370913641793387
526,0.1910483087484653,0.6791939542843746,0.1297576764455208
527,0.1655726397738737,0.637114437966565,0.1973129409915222
528,0.0840923053446723,0.6297914299253062,0.2861162803015826
529,0.3546635513375331,0.4536453657723092,0.1916910859865027
530,0.210112460799643,0.5043001222742794,0.2855874396236585
531,0.0867360788452853,0.347064626618452,0.5661992948389117
532,0.0292457380901001,0.2646066633409727,0.7061475861028225
533,0.943182647228241,0.0559096410870552,0.0009077278664335
534,0.113601379096508,0.8613683581352234,0.0250301994383335
535,0.0735772295395533,0.5949087901115417,0.331513981660207
536,0.0769315489220505,0.6315933199789632,0.2914751043229092
537,0.1690620706244058,0.7919859455219354,0.0389519683796677
538,0.1243023384932028,0.5891894771212061,0.2865082019357621
539,0.1545968837852548,0.7485860715358716,0.0968170625529265
540,0.0929163994396445,0.5150043395049168,0.3920792135521301
541,0.3284040748562938,0.4979023183902857,0.1736936073232027
542,0.0344797915591461,0.3387873151510582,0.6267328830220058
543,0.1072046895948675,0.5855204139027868,0.3072748829473604
544,0.3628988335450807,0.5482659551251932,0.0888351994228968
545,0.0259505827874595,0.3019176294709917,0.6721317523431569
546,0.0521483251805368,0.439744098876652,0.5081075558536932
547,0.0381696008674993,0.5339791199534695,0.4278512744583702
548,0.081244624318571,0.5748994516096688,0.343855964452199
549,0.1288757052654301,0.5384138681442072,0.3327104093855767
550,0.4113483674881697,0.5411008406420907,0.0475507929710465
551,0.0281618926674127,0.362464040517807,0.6093740463256836
552,0.0388502700804088,0.5551372039160539,0.4060125383774089
553,0.0359657338087998,0.438029146888881,0.526005105486194
554,0.0388634053564046,0.5869906474509193,0.3741459590326498
555,0.0948629517090982,0.4737545739979883,0.4313824368735491
556,0.13661660982546,0.5184033854610761,0.3449799924739181
557,0.0436197683776486,0.5303153367891704,0.4260649303867392
558,0.1834971558914255,0.5967239841723493,0.2197788357416958
559,0.4509133696556091,0.5359262228012085,0.013160441070795
560,0.3249310112162812,0.6207938471885577,0.054275134756957
561,0.1211743722758384,0.5590179604153301,0.3198076697661055
562,0.0385976666199766,0.353997499243287,0.6074048586128172
563,0.2647514939308166,0.5210978388786316,0.2141506522893905
564,0.0336508884420389,0.5384036951464386,0.4279453801404079
565,0.2042075253771932,0.6547852955507428,0.1410071467583099
566,0.1180898407317195,0.6434764502088675,0.2384337105623478
567,0.1683410156157709,0.5922979616349744,0.2393610160196981
568,0.0269274469465017,0.5163652300834656,0.4567073285579681
569,0.335034467942934,0.4660879642355676,0.1988775596798005
570,0.0700656696146929,0.5335212124629961,0.3964131273487074
571,0.0358018726110458,0.6100189089775085,0.3541791439056396
572,0.0295879300683736,0.3627869486808777,0.6076251268386841
573,0.2654664736885754,0.540371995561886,0.1941615197747649
574,0.0971048864213886,0.3950695823149315,0.5078255344817709
575,0.059019083314066,0.3315537600203276,0.6094271699751044
576,0.1226634799021606,0.336743923202157,0.540592623402675
577,0.3888098338153213,0.5235678286291658,0.0876223121362272
578,0.0702062421680792,0.5361412707446278,0.3936524306950362
579,0.398502403254175,0.5359266701259502,0.0655708976329126
580,0.0473635230298202,0.2540557671285686,0.6985806819969668
581,0.5198720671418237,0.3682287288511672,0.1118992265495585
582,0.0291465157061691,0.4733361132267278,0.497517369821895
583,0.0558765413175369,0.5939506008707245,0.3501728877939027
584,0.2512672059784187,0.3725345473834846,0.3761982578685905
585,0.1227599380733183,0.631932585516854,0.2453074915253598
586,0.073705069720745,0.6941712498664856,0.2321236580610275
587,0.7765626907348633,0.2197634875774383,0.0036738167982548
588,0.0120088636053922,0.1788058092895026,0.8091853316218708
589,0.0351563329853305,0.5003561914514383,0.4644875017713752
590,0.0400523079682883,0.5343680919056207,0.4255795857796007
591,0.1712799169939314,0.707954262360246,0.1207657801480996
592,0.0405376585962183,0.6167696302845365,0.3426927146123571
593,0.025817081007761,0.3984755403864055,0.5757074187273967
594,0.3740743892983749,0.5775367285196598,0.048388886408737
595,0.0987170740927212,0.6590004788937969,0.2422824704271053
596,0.1830631730849613,0.4621742464573736,0.3547625583861442
597,0.09142254244286,0.674528696035084,0.2340487482164819
598,0.2475475519895553,0.6187158226966858,0.13373664021492
599,0.0328320204058573,0.3880859726951235,0.5790819951466152
600,0.3784382444168075,0.5433927382645982,0.0781690362040372
601,0.0244802757964194,0.3293870730495257,0.6461326964313933
602,0.030432541502361,0.4085541346992565,0.5610133785306534
603,0.6143775582313538,0.3813251852989197,0.0042972448281943
604,0.46612199535507,0.467160997452674,0.0667169890012281
605,0.0800301462383388,0.657945480219037,0.2620244156961003
606,0.136948275566101,0.6498963236808777,0.2131553798913955
607,0.1885137356913242,0.4022354106981676,0.4092508939268825
608,0.2300638626917637,0.5624577947240641,0.2074783564173321
609,0.0129748786171474,0.2226000562124534,0.764425083020023
610,0.1156207685417909,0.4061322567416102,0.4782469470695426
611,0.0373465171323554,0.5027011457842963,0.4599523417430349
612,0.1318705322445409,0.5393207628486211,0.3288087172112169
613,0.1205170840198078,0.3834796277089761,0.4960032536003452
614,0.0540774817034581,0.4652050449910572,0.4807174639678856
615,0.1335792108230604,0.7550329796507589,0.1113878478219498
616,0.0239697394561125,0.4621493429094926,0.5138809046799079
617,0.0347461812198162,0.5481407046318054,0.4171130657196045
618,0.6117247620775563,0.2335034816764121,0.1547717697899162
619,0.032022085583347,0.4552977094602473,0.5126801540126216
620,0.0907794919812345,0.508936864099112,0.4002836455173534
621,0.0200011814339903,0.2359495123869114,0.7440492983259843
622,0.0536910533089542,0.5347197896014794,0.411589119268294
623,0.2189379757247775,0.6098822987223247,0.1711797241166413
624,0.0503599457224054,0.3598992525364788,0.5897408027471628
625,0.3240110484856955,0.5316640033688343,0.1443249326761694
626,0.0401752669670687,0.2935851087061741,0.6662396078292554
627,0.096248792463474,0.4790473968795177,0.4247037934676538
628,0.0591366931340236,0.5341398113639042,0.4067234693071511
629,0.0426318943500518,0.8055129647254944,0.1518551409244537
630,0.0552693866617225,0.6160947301055425,0.3286358771758262
631,0.1444061262070373,0.5977913126064713,0.2578025583628636
632,0.031201929141667,0.5889132757454691,0.3798847937732702
633,0.1459155987496629,0.5729388587101542,0.2811455607103804
634,0.0192054536429036,0.3812625291843839,0.599532027005263
635,0.0707045696641945,0.5581061086127784,0.3711893226722054
636,0.0678384631872177,0.5126639220039402,0.4194976132264179
637,0.0180297760117874,0.2267330649915157,0.7552371218700537
638,0.0255796918786967,0.4353968799491471,0.5390234537516968
639,0.0386619056652415,0.5547230504922362,0.4066150096862081
640,0.1528091320705679,0.6911785429738269,0.15601227871492
641,0.0453060788279246,0.4769914292344775,0.4777024909519828
642,0.0472894011356156,0.539417279609145,0.4132933326788592
643,0.1118242405811367,0.5733709574475953,0.3148048039736827
644,0.5011490646869905,0.4910368481951375,0.0078140943221026
645,0.0339402570170444,0.4695100148252192,0.4965497347999206
646,0.0843570083379745,0.5028423070907593,0.412800669670105
647,0.199469080448828,0.5406934889202768,0.2598374199545519
648,0.0255222817308073,0.3199599027987403,0.6545177965648804
649,0.0315541678007978,0.2944576959426586,0.6739881234902602
650,0.018577061465354,0.3714921692003357,0.6099307375087141
651,0.0867568631759439,0.5588613445401485,0.3543817616211987
652,0.3050132641132841,0.6564165531320775,0.0385701764929801
653,0.2426098839814595,0.5429927499452557,0.2143973655070328
654,0.0228047592367614,0.4876795993969504,0.4895156225008247
655,0.0231591134671137,0.3268776420519441,0.6499632631385676
656,0.1722037191312982,0.3843658346928026,0.4434303994929903
657,0.0898341184651309,0.6543164117769762,0.2558494974266398
658,none,none,none
659,0.0339515068016779,0.315183052220824,0.6508654184514583
660,0.0634694404426185,0.4512667180739949,0.485263815695953
661,0.0100721525428176,0.1623425660642823,0.8275853083136789
662,0.141288936138153,0.6719341278076172,0.1867769211530685
663,0.054334124715145,0.3902809691925843,0.5553848824774226
664,0.1301985702344349,0.6014908700635582,0.2683105207843221
665,0.0316899679601192,0.3572127223014831,0.6110973358154297
666,0.0281301066768661,0.4418547796487361,0.5300151047630561
667,0.1750674438406163,0.2870302986734965,0.5379022590405359
668,0.154773925127608,0.6975132494830013,0.1477127337012063
669,0.0688638798846163,0.4974198324318548,0.4337162586735256
670,0.1355601776702044,0.4813286552966481,0.383111162762988
671,0.0579230567944124,0.5522350309030065,0.389841940956858
672,0.1281740195122881,0.4872523346259024,0.3845736542027863
673,0.0531483972473786,0.5846861593539897,0.3621654467857801
