,pos,neu,neg
0,0.19019937709913598,0.4060079296966931,0.4037926914086482
1,0.09327705553788646,0.3762076584090718,0.5305152902786109
2,0.24670495839919,0.5991014410308338,0.1541935710266312
3,0.031306471000319205,0.36649512969739906,0.6021984143344234
4,0.22818205846485748,0.6246958078901752,0.14712212024731378
5,0.24324909018493504,0.5730687848409686,0.18368213625953478
6,0.04412729665637016,0.48673126101493835,0.4691413640975952
7,0.14727541072560207,0.51036595712815,0.34235867979891954
8,0.026134840675566824,0.4668687482674916,0.5069964501267805
9,0.30265300884936586,0.6459070915196177,0.05143992541908468
10,0.6017585996392969,0.3681963528240765,0.030045028932549216
11,0.11170645424283247,0.4784616593437916,0.40983190958442556
12,0.28532660534748666,0.4484580567249885,0.2662153237141096
13,0.08563909407220059,0.688762345802751,0.2255986078830637
14,0.24461371141175428,0.49240226671099663,0.2629840178415179
15,0.014717670157551765,0.2664242088794708,0.7188580632209778
16,0.23593541979789734,0.6986512541770935,0.06541328877210617
17,0.1412531034339492,0.41829704200258344,0.44044982413079864
18,0.06525648840386228,0.5565828223203876,0.3781606939035592
19,0.03726995743000535,0.34600090808062645,0.6167291481737738
20,0.3160263392570857,0.46727364166056023,0.21670001501665767
21,0.03471150336060989,0.5730356486503687,0.3922528712931326
22,0.08267512928850297,0.42757307395282357,0.4897518168157498
23,0.07662490755319595,0.5831878781318665,0.3401871919631958
24,0.03363376326466862,0.5421996320548811,0.4241666307574824
25,0.18492340538650753,0.6625413477420807,0.15253521706908943
26,0.15627601459002283,0.49770757589785175,0.34601641120330384
27,0.1383781331653621,0.5120841651130973,0.3495376983667584
28,0.026830448975560556,0.4579357330686045,0.5152338243594895
29,0.1753467583577581,0.43098543940745676,0.39366783456704046
30,0.017948934767585602,0.43210002997495833,0.5499510477929219
31,0.5349075207731119,0.4393490619370958,0.025743449533102983
32,0.22578345239162445,0.6755673885345459,0.09864910691976547
33,0.10975000279243377,0.4740171864628791,0.41623278836555344
34,0.19021118075369361,0.677036675507437,0.13275212129789912
35,0.7987207277433865,0.1932513609566458,0.008027906388603625
36,0.09429150238158364,0.4644545969717643,0.44125386440724723
37,0.023487138973092132,0.3033662017786278,0.6731467076067654
38,0.17452803595360056,0.6187325711172771,0.20673940990998493
39,0.029595806922730616,0.46550098430793896,0.504903169464221
40,0.1553018452576133,0.44689294399084917,0.3978052307521143
41,0.0365676713131723,0.45218478639920556,0.5112475135496685
42,0.18926992694295083,0.6708949975735318,0.1398350766456101
43,0.27783896160043275,0.3436923445213454,0.3784686624672514
44,0.11403897424728006,0.42450146346425804,0.46145956156921
45,0.06955210681666028,0.5382917193451313,0.3921561941353962
46,0.2941714665893347,0.5650032713626048,0.14082527328592567
47,0.08092409520166462,0.4942089692835112,0.42486695759243154
48,0.07514933425330829,0.7483570954042994,0.17649356887012185
49,0.1187393298993508,0.39345489442348475,0.48780574401219684
50,0.017096161000047096,0.3014606134418179,0.6814432564903707
51,0.07718235081309203,0.49500150880613525,0.42781611826869986
52,0.0601733183215358,0.39111247115484493,0.5487142274286312
53,0.11642658478038223,0.5299184317376288,0.35365500596344135
54,0.0640849430402021,0.48617430421479624,0.4497407370077404
55,0.24085282774917746,0.5149506545654862,0.2441965060250107
56,0.456063936669898,0.44802794383731076,0.09590815305031788
57,0.2699840183278131,0.5934159087470776,0.13660004806410464
58,0.09678637179023475,0.5125734268828942,0.390640241671381
59,0.03164982283664974,0.39531325931331507,0.5730369438349974
60,0.14842092661683567,0.40091351062656366,0.4506655604978923
61,0.11799272697685598,0.6448293576530159,0.23717793155615086
62,0.036125688956064335,0.5784625018344206,0.38541183646987465
63,0.07592411146570857,0.3887530885636806,0.535322795349818
64,0.25072382416773203,0.6809990230375333,0.06827716658863073
65,0.12080927647020615,0.482711058005061,0.3964796527961112
66,0.2613349763072423,0.5291345649575059,0.20953048485004014
67,0.10007412343120282,0.4936687339302952,0.40625712833155886
68,0.045515996221104055,0.5844974366559723,0.36998657405016283
69,0.21682552928866458,0.6074861975960761,0.1756882757510779
70,0.20919447244713768,0.44047386977629904,0.35033164850084036
71,0.03545437008142471,0.5545362234115601,0.4100094139575958
72,0.41062911293451876,0.5169068829998342,0.07246403039932749
73,0.05768635627657221,0.38032128748737,0.5619923386992586
74,0.11322633653649475,0.6392879788126788,0.24748568615816924
75,0.3899595402038781,0.3926808463919694,0.21735958984703013
76,0.0983675968716478,0.3234736523635901,0.5781587712778156
77,0.1022866740822792,0.6642776131629944,0.2334357053041458
78,0.011334612638967668,0.2200002398543463,0.768665111256028
79,0.019043498128902114,0.3917211600753109,0.589235368670459
80,0.045520356861004474,0.3951883786173939,0.5592912769486718
81,0.04643359633841463,0.3394005508354365,0.6141658490072247
82,0.04162587608502613,0.4352252847080268,0.5231488790019125
83,0.07781035017589447,0.3911662926072031,0.5310233533382416
84,0.08919085832243202,0.39881333394615515,0.5119958295862177
85,0.024325310841959435,0.5260046848561615,0.44967002840712667
86,0.117227154800409,0.5887003760549087,0.29407245013155514
87,0.25977990913865057,0.4566535446843047,0.2835665383348568
88,0.040890595553299554,0.6332516830701094,0.32585775451018256
89,0.08683508124304173,0.49732931420465853,0.41583558828304185
90,0.23298800739645958,0.437059139251709,0.3299528291225433
91,0.02058753289830048,0.33290118865916374,0.6465113127579742
92,0.542007367421941,0.4354663769282946,0.02252626786485496
93,0.01984703121481886,0.3922980733923674,0.5878548814094776
94,0.01990005602552132,0.32340290927588006,0.6566970268947578
95,0.5773787307958662,0.40507518330966036,0.017546135041451347
96,0.03468576818704605,0.4216323494911194,0.5436818599700928
97,0.07488862414694283,0.5884926477388474,0.336618728084032
98,0.039136892753485815,0.389738754296178,0.5711243042355016
99,0.1858402985656999,0.7096897463515862,0.10446991423893837
100,0.2645612836942165,0.6852716569893459,0.050167073534261544
101,0.1168349033217809,0.5683577608188155,0.3148073264816871
102,0.02715405166296352,0.39471661154708276,0.5781293378899571
103,0.023246669401896413,0.4057716561185903,0.5709816739476961
104,0.09841776592729616,0.5844714993991644,0.3171107197375082
105,0.3491303922333895,0.6167209026656819,0.0341487066558898
106,0.206129496246984,0.37315527336460463,0.4207152380785114
107,0.23125451803207397,0.7502673268318176,0.018478170037269592
108,0.09845509728469516,0.5402413570796544,0.36130353186349823
109,0.04641648632835369,0.4844623151279631,0.46912119279102404
110,0.1448004938849882,0.6118067329671203,0.24339279176808207
111,0.011770106457321848,0.24630318828765918,0.7419266627061183
112,0.04009007611196791,0.5434848013278031,0.416425139027855
113,0.07283644378185272,0.6370998620986938,0.29006364941596985
114,0.047639792422295775,0.4772255244505339,0.47513467876127413
115,0.034324569326071516,0.5180533070412894,0.4476221927574703
116,0.20281709011570634,0.7195412960689237,0.07764159333475262
117,0.02056394461824587,0.20659984413421517,0.7728362348946658
118,0.039211827482092745,0.48645852394566136,0.4743295952612083
119,0.06531550245294311,0.4398134025502297,0.49487108125528934
120,0.05230478425663182,0.2831073348974659,0.6645878483802606
121,0.35592377185821533,0.49543148279190063,0.14864470064640045
122,0.05396520609233099,0.440619454289285,0.5054153391661552
123,0.2687464794843872,0.4367470442510458,0.2945065069282281
124,0.022185618739653187,0.44999036411400534,0.5278240091351191
125,0.18655705292310032,0.6019615020070758,0.2114814974899803
126,0.04446954669424012,0.39447460312628835,0.5610558286473393
127,0.05083266208234678,0.5182008087024157,0.4309665277534836
128,0.04391776902094638,0.42356500476820147,0.5325172142323554
129,0.045665999755580375,0.556785541011932,0.39754845027593855
130,0.11431082172678654,0.5480106978599032,0.33767847385427563
131,0.33172306294672216,0.5483672651177596,0.11990969053189235
132,0.05068815499544144,0.7375876307487488,0.2117241621017456
133,0.02604365162551403,0.46694415807724,0.5070121884346008
134,0.16398847690415552,0.5193524939380365,0.3166590366437413
135,0.05373014259810855,0.4447603143327604,0.5015095124399759
136,0.2860004778566032,0.5610677540115427,0.15293172396555962
137,0.06440368166058949,0.6255414320021561,0.31005488558835587
138,0.039847155388158105,0.4658587884444457,0.4942940389021085
139,0.036214593723923744,0.2871263777661675,0.676659030013133
140,0.3167480579189335,0.4367901644824693,0.24646181469627965
141,0.03396400064229965,0.441152423620224,0.5248836278915405
142,0.0660592054343037,0.3418068993543975,0.5921338995033192
143,0.1345952456512652,0.33036551968350564,0.5350392089940356
144,0.15008772945849697,0.6721878398244625,0.17772448814917946
145,0.10806015359632896,0.5900290904466028,0.30191076683354157
146,0.04718144547583687,0.3389283691345072,0.6138901861252729
147,0.02784143806960154,0.41284515668376365,0.5593133919838211
148,0.18124930733548744,0.5824215297188077,0.2363291423368667
149,0.06883734609848394,0.3797528937982675,0.5514097467969401
150,0.24974016866853518,0.5459771086887628,0.2042827360813218
151,0.016592425701325526,0.33984461765803264,0.6435629732594519
152,0.3983745276927948,0.47873952984809875,0.12288600206375122
153,0.24175387620925903,0.5692451596260071,0.18900099396705627
154,0.016880657412998733,0.3423312615071024,0.6407880462883484
155,0.17316808432736666,0.5760818285865509,0.25075008852174246
156,0.09139104845507123,0.5667220168163843,0.34188695467799624
157,0.1702248634556322,0.3536531408107263,0.4761220050821138
158,0.01401799215781915,0.3257238993161841,0.6602580909487568
159,0.15579217028954806,0.6378646745086878,0.20634317488117293
160,0.9033632575507333,0.08961337867082124,0.007023344851036069
161,0.13812354338907562,0.6294728097310812,0.23240370045149572
162,0.32778242230415344,0.6698541045188904,0.002363466192036867
163,0.4685217883361845,0.39690041534450593,0.13457777735073956
164,0.13826111389953694,0.48519543663296905,0.376543457685432
165,0.03676270370571946,0.3629358662602114,0.6003014572179503
166,0.3990773472663849,0.5223329203790732,0.07858974807908273
167,0.1381516316047464,0.42868650413392007,0.4331618504369294
168,0.06006839705616918,0.39490146950911015,0.545030126953853
169,0.5475701228605482,0.3945996598817232,0.05783020306850376
170,0.005294674541801214,0.0859869047999382,0.908718466758728
171,0.22723566382942229,0.4946315049400446,0.2781328115283899
172,0.014485864636543801,0.2695543136700843,0.715959840277197
173,0.5166752669202836,0.4444314313751039,0.03889330095878157
174,0.6158708333969116,0.37076106667518616,0.013368133455514908
175,0.3767380769193358,0.5176097336587876,0.10565216924031946
176,0.7824051960094556,0.1978730829180898,0.01972170596992647
177,0.4491554411252339,0.38041365738709765,0.17043088258306183
178,0.04879278885965835,0.4714880454277467,0.479719169273644
179,0.16834732371827832,0.6118371512578882,0.21981550753116608
180,0.2927038371562958,0.6958989500999451,0.011397182010114193
181,0.10479545980877593,0.6528243671325137,0.2423802156500356
182,0.0742008204815342,0.6456527992975798,0.28014640570830385
183,0.4152956641805899,0.44326398346756735,0.14144035464085777
184,0.02318871207535267,0.43704795837402344,0.539763331413269
185,0.40053062477557777,0.5365923340800854,0.06287701974334799
186,0.476331889629364,0.50431227684021,0.01935582235455513
187,0.6144140291099365,0.35831333618037975,0.027272616365315538
188,0.17835585045612465,0.6055781440209534,0.21606597125025115
189,0.31125263126303204,0.40834675147298066,0.2804006536695067
190,0.07227574718063293,0.5227278594678569,0.404996406890658
191,0.03608516197988486,0.42946680777884544,0.5344480546389488
192,0.10206433949626495,0.5803787461587679,0.3175569170705467
193,0.0837936968757556,0.6586019488481374,0.25760431320239335
194,0.42516993850837514,0.4302481832327666,0.1445818513386534
195,0.020367702770403666,0.40810316271004987,0.5715290884769971
196,0.02650921304626669,0.4703608403273199,0.50312995286875
197,0.019501720622249016,0.41434907597732973,0.5661492315498559
198,0.3885674172420106,0.5002332877270453,0.11119927934008993
199,0.12434434659941042,0.5523071789871091,0.32334847811447537
200,0.31274030290800947,0.6002440244576026,0.08701569324423528
201,0.34093791518975564,0.4574758415922113,0.20158622540755694
202,0.01750598933127984,0.4196863633599453,0.5628076755384884
203,0.1359575419579649,0.515622360698022,0.34842010356407965
204,0.048481898439913684,0.5704731802964949,0.38104495559771034
205,0.21895691541464704,0.5625395417527148,0.21850352306899273
206,0.0688459724187851,0.7104662656784058,0.2206878364086151
207,0.06583966890340129,0.6253108760667225,0.3088494309041866
208,0.5016964077949524,0.4893146753311157,0.008988888002932072
209,0.08146357669816082,0.5839697532482928,0.33456666513311173
210,0.03937921412754804,0.3786068711429834,0.5820138891413809
211,0.02773852244685482,0.3527472685169242,0.6195142052693074
212,0.28667739796774144,0.371536210582063,0.3417863992054762
213,0.0662107271906723,0.5307709220596539,0.4030183275433852
214,0.0375412294739171,0.4745356628769322,0.4879231102633894
215,0.02851468324661255,0.38836145401000977,0.5831238031387329
216,0.042651667094589035,0.3785247216119042,0.5788235633244997
217,0.06316313575987133,0.46225656736179,0.47458029138528623
218,0.26255678452217757,0.6139238614644578,0.1235193458399666
219,0.02701571384532442,0.2844420185118365,0.6885423038634786
220,0.3564988283167523,0.3694097981840708,0.27409137513086607
221,0.09018291858354588,0.6959372330697624,0.2138798610723604
222,0.03694105711840867,0.3634308995055271,0.599628035934087
223,0.027899851252009972,0.3292781105466026,0.6428220482181302
224,0.4438852369785309,0.5470772385597229,0.009037459269165993
225,0.05895774702257336,0.5713447918192713,0.36969743505651764
226,0.22805457640502413,0.559230116464324,0.21271527917203256
227,0.06253760931069677,0.5111698931656938,0.42629250391417906
228,0.01836077868938446,0.30548712611198425,0.6761520504951477
229,0.6211838595860497,0.28480616092015915,0.0940099949277313
230,0.030852527255473723,0.27039680723545095,0.6987506655090754
231,0.11908727715134013,0.36787418078403084,0.5130385115020434
232,0.27649361314105736,0.5872154003350523,0.13629098218617014
233,0.1045842096209526,0.8094717860221863,0.08594401180744171
234,0.054545264691114426,0.6947659850120544,0.25068870186805725
235,0.03040336689044689,0.38180900133889295,0.5877876148141663
236,0.1330808352426704,0.6063551393400626,0.26056402316131444
237,0.10167088058069543,0.7568357233590307,0.14149340135154773
238,0.12318242891233856,0.44926558937056593,0.42755199402065597
239,0.008262058542597862,0.17788711757886977,0.8138508541243417
240,0.03467327444755201,0.4212550890596607,0.5440716293290697
241,0.02121452166109669,0.30899567233056435,0.6697898251669747
242,0.1737648958345782,0.356419577183625,0.46981555194756053
243,0.01892183893593715,0.40058606177304695,0.5804921128405229
244,0.20242211071886218,0.5182719901009577,0.27930590833291685
245,0.09897721662543284,0.3555044062083323,0.5455183570000838
246,0.13678673444778328,0.6508607407344267,0.21235248442714247
247,0.0376618496086224,0.43727450406694984,0.5250636293227413
248,0.23752340211680062,0.5309679401548285,0.23150868886395506
249,0.051593182380047606,0.48170215439683983,0.46670470358628147
250,0.035012847664513326,0.36277191968543276,0.6022152138695852
251,0.2004408621274858,0.4341004951628896,0.36545862924168016
252,0.03603348199054192,0.46224916860705517,0.5017173668074477
253,0.06022388417794391,0.4508215335767661,0.48895454997123505
254,0.013592927522170162,0.21690606770702897,0.7695009393539709
255,0.03542634637126227,0.4433795016918456,0.5211941346027064
256,0.01393102885909238,0.20049484089860375,0.7855741208004502
257,0.08371592020349843,0.4759849848655554,0.4402991015832503
258,0.24368541193522525,0.47001374850861866,0.28630084325412647
259,0.02494437041911271,0.39199127362725517,0.5830643427827971
260,0.017103805881122064,0.3776474749219829,0.6052487122601475
261,0.0482829342381658,0.4558100623805503,0.4959069911763522
262,0.10645586062173878,0.5352413187223055,0.35830283086831294
263,0.3408936274931735,0.5269053331557536,0.1322009912673259
264,0.13049952008864582,0.5170071077891519,0.35249337051161983
265,0.02403456601544772,0.39912384246835614,0.5768415809857963
266,0.006851211655884981,0.18670673668384552,0.8064420819282532
267,0.635350227355957,0.3190872371196747,0.04556254670023918
268,0.058242857456207275,0.45801275968551636,0.4837442934513092
269,0.03828169405460358,0.2975846827030182,0.664133608341217
270,0.013446873985230923,0.22903487086296082,0.7575182914733887
271,0.0989790663448156,0.4134620622100446,0.48755886021301453
272,0.023057052519123624,0.19406630068887268,0.7828766347018912
273,0.025312187150120735,0.3753628730773926,0.5993248820304871
274,0.27714279231051325,0.389298505766291,0.33355867915170295
275,0.8545612096786499,0.13182692229747772,0.013611829839646816
276,0.03540398615101973,0.35695906480153394,0.6076369484265645
277,0.4509968161582947,0.48931950330734253,0.059683658182621
278,0.32449766993522644,0.5176824331283569,0.15781985223293304
279,0.5646829009056091,0.3953709304332733,0.03994622454047203
280,0.2312469184398651,0.5376324653625488,0.23112057149410248
281,0.008082551881670952,0.3099125921726227,0.6820048093795776
282,0.18227492390151623,0.5006641533779681,0.3170609025300939
283,0.2023963380407616,0.7563985599982028,0.041205115209253414
284,0.0421955354256581,0.40005970246171296,0.5577447871639305
285,0.10219089119859477,0.5473802269381635,0.3504288873690016
286,0.029967919235679673,0.47857716591549326,0.4914549430714378
287,0.24915226155812026,0.5772791108470753,0.17356858718797474
288,0.08100605493211974,0.3372804186088853,0.581713505427331
289,0.1222214185837033,0.5938281902150151,0.28395041756913564
290,0.15549079206883515,0.5321110213241502,0.3123981873461984
291,0.8745874166488647,0.12094789743423462,0.004464672412723303
292,0.05916525265684834,0.5389614084914879,0.4018733406949926
293,0.5874787787227479,0.3769684054095802,0.03555278551816664
294,0.1782867400321418,0.5536586172923357,0.26805465231220166
295,0.1587774305538812,0.44500074025610803,0.3962218141524305
296,0.6786189352879759,0.317003381952562,0.004377685781171332
297,0.10480702063381273,0.5124686777191674,0.38272433772983167
298,0.12750567525233092,0.712169958348561,0.16032438672014646
299,0.1937211953366223,0.4418268806277177,0.36445194091647864
300,0.08842410451248056,0.734524221527985,0.1770516621859924
301,0.07037471567816807,0.465533581647006,0.46409166807478125
302,0.030633326092699788,0.5137078076549909,0.45565886925873994
303,0.07000033735101552,0.5187893840239236,0.41121027187297216
304,0.08843205673294469,0.4938373987491314,0.4177305284913603
305,0.2597243459659632,0.41416014971015613,0.3261155145027031
306,0.13057714451885402,0.6310202007169847,0.23840267312106486
307,0.04880747565294843,0.2510495728536232,0.7001429277195318
308,0.6024694822306903,0.3852183441367914,0.012312177641159099
309,0.20747149360220218,0.6235402092723996,0.16898828668450558
310,0.044330776617683684,0.5378003824359351,0.4178688303681597
311,0.4360222773992013,0.3930221426988316,0.17095556371262138
312,0.10530380736731115,0.5405691042298177,0.35412708906853785
313,0.042701028287410736,0.6013211607933044,0.35597777366638184
314,0.04155216509760018,0.5688173058411933,0.3896305597085037
315,0.04343352073141725,0.5673073858241022,0.3892590725596571
316,0.18073793591182924,0.6628729418802113,0.15638911852909027
317,0.07825832447984762,0.5272000744229272,0.3945415616408924
318,0.18515773083925469,0.5923299161549211,0.22251235198359903
319,0.0725560654844071,0.5367489335786759,0.39069498055651586
320,0.016301004527410443,0.40294734236142815,0.5807516181503317
321,0.14721826406091637,0.5457717551392798,0.30700998042187577
322,0.1639779664631655,0.5302390026957242,0.30578303084111036
323,0.139719416210641,0.47059441671718016,0.3896861922692803
324,0.2625781762914689,0.5463547982005003,0.19106704651965167
325,0.20524763935374313,0.48012678109144574,0.31462556688179055
326,0.06671474900660554,0.463412838556201,0.4698724163445301
327,0.1752150573909656,0.5296607421932737,0.2951242197966028
328,0.02442946285009384,0.27595511078834534,0.6996154189109802
329,0.09223943948745728,0.6871429085731506,0.2206176519393921
330,0.08994434727124931,0.7510542250861807,0.15900142109098514
331,0.06726704252574911,0.5305633222936985,0.40216964653987985
332,0.15889515054545233,0.5648239732143425,0.27628088377061344
333,0.11754274024162033,0.745761495060716,0.13669577116060164
334,0.21259171781332598,0.6845046043395996,0.10290367434854093
335,0.037132336867560865,0.30277386976562387,0.6600937483874897
336,0.10729848593473434,0.7709826827049255,0.1217188760638237
337,0.23392137689787207,0.6066472920977954,0.15943131339058136
338,0.13528073858469725,0.6469203680753708,0.21779891249278316
339,0.05005040953998791,0.4525466847833227,0.4974029153550083
340,0.022915746541192154,0.30142300270619937,0.6756612458538953
341,0.06767857994666283,0.4019817590634239,0.5303396033321289
342,0.1918657358234422,0.6491312735677628,0.15900298909253174
343,0.10178950286313851,0.3740331716527624,0.5241773129741023
344,0.07701026501351835,0.6549733657695443,0.26801636560217035
345,0.019044983897237598,0.38225063001276893,0.5987043955460114
346,0.12489581275556882,0.6401003342389316,0.23500385156345172
347,0.2580252975564111,0.4904687598799214,0.2515059134104487
348,0.05274190222977257,0.3519488089924675,0.5953093246991183
349,0.10360989383727812,0.5731799579638657,0.3232101417130989
350,0.1956498920917511,0.5439049601554871,0.26044514775276184
351,0.04043029480376765,0.49778564393591573,0.46178408919554315
352,0.03197675558366344,0.2493737735612221,0.7186494462247522
353,0.10491649874923178,0.8467497630995147,0.04833374909904538
354,0.09419885384662269,0.5175033247346122,0.3882978476572821
355,0.2793011834032458,0.5419847169332759,0.1787140991549817
356,0.14872109551123908,0.48863040314818956,0.36264852662475744
357,0.46096865184769875,0.40965148001103785,0.1293798428651229
358,0.27297937870025635,0.6142082214355469,0.11281242221593857
359,0.2950874336225831,0.4400829038974168,0.2648296913375025
360,0.10387086580933338,0.6475171757553091,0.2486119604477631
361,0.5350303435671157,0.40582170417343366,0.05914793788468924
362,0.12514784038678822,0.5567263499422485,0.31812582934539174
363,0.029292209959551216,0.4225180546866297,0.5481897315490982
364,0.1392792241179274,0.4915445099997173,0.36917627570287104
365,0.08937971367677768,0.713883344247451,0.19673693796915198
366,0.03529007903610666,0.5179946495900078,0.44671527544657386
367,0.261947319511152,0.5732383042263025,0.16481432215423059
368,0.21204001928974942,0.6316469233210493,0.15631303187096265
369,0.17588298164515032,0.5835481986403466,0.24056881991111567
370,0.3481737180239594,0.5646755116463806,0.08715078813923716
371,0.6275787595475074,0.3341814335620049,0.03823983564161428
372,0.19876139384248984,0.6266364055585534,0.17460222961700755
373,0.10288891809828142,0.7574337003031751,0.13967738888765635
374,0.24040647562760029,0.5337450172177595,0.22584855170985357
375,0.42459556460380554,0.5446363091468811,0.030768148601055145
376,0.059534842433106944,0.45214663400400157,0.4883185078483482
377,0.12907066416169116,0.5177370220621326,0.3531923098694905
378,0.021038762997579938,0.3917056904494307,0.58725556071478
379,0.020841809816147652,0.21917436710458832,0.7599838349442896
380,0.17840475776911813,0.668801090559286,0.15279418187113936
381,0.3942801259715931,0.3267325855145652,0.2789873069542477
382,0.15416970611860353,0.6415843065579733,0.20424598168581723
383,0.0507781593904448,0.24826241953165404,0.7009594185011728
384,0.2231599323957869,0.4634236341830596,0.31341644489766973
385,0.1326603446637883,0.49158537920783546,0.3757543043879902
386,0.1291541488360181,0.6218866642880894,0.24895916509876218
387,0.14011111855506897,0.7387792468070984,0.12110960483551025
388,0.12858307042756978,0.514304446341169,0.35711247579152583
389,0.4011608856201172,0.5333003964424133,0.0655387218117714
390,0.06682397287514574,0.4571482067808559,0.47602783138503124
391,0.11276366429420205,0.5517597253258164,0.3354766151926539
392,0.28711908758219434,0.5686770323774953,0.14420384952756304
393,0.15588565470647886,0.6466773245338344,0.1974370143203393
394,0.4151390950967366,0.3525657253738507,0.23229518354460887
395,0.07143510378539153,0.548085922371059,0.3804789742015865
396,0.041100989417012394,0.4526585849194691,0.5062404305770479
397,0.4142170727520246,0.5384578536444181,0.04732507113116739
398,0.2191178606717347,0.646760073941868,0.13412205897694593
399,0.1980906070179651,0.3957123627131823,0.4061970705034179
400,0.04072886155449229,0.4765378665581024,0.4827332472629684
401,0.15457753140224065,0.5946919160795727,0.25073057007752764
402,0.18222321047266918,0.640622062914407,0.17715470142551323
403,0.087651339287706,0.5435280057988534,0.3688206365714324
404,0.04684665340185165,0.6946524398326874,0.25850092911720274
405,0.04426470883190632,0.6362096339464187,0.31952565237879754
406,0.16152953991834665,0.6153258355872431,0.22314458647159371
407,0.21659443032683678,0.6402317779735454,0.14317379767454944
408,0.07827097376285805,0.44984985328474536,0.4718791525590089
409,0.1793189335999026,0.692496155737361,0.1281849473760749
410,0.22612611698780874,0.4573080855746602,0.316565801688405
411,0.1606454646209822,0.5649101064211596,0.2744444252024442
412,0.3799111545085907,0.5973792672157288,0.022709567099809647
413,0.060098489326642954,0.5704301990878399,0.36947130221115415
414,0.1201096464772887,0.510610850648753,0.3692795078389458
415,0.29041938536307393,0.60598163867698,0.10359900890319956
416,0.03675834364666228,0.44266130338635357,0.520580372057463
417,0.09596468320539599,0.5576741738702635,0.34636114973004856
418,0.024059006952727002,0.3052537620607005,0.6706872083482699
419,0.10420762002468109,0.860028862953186,0.03576352447271347
420,0.08285518178994628,0.5077136038070046,0.40943120613278233
421,0.050637169283660056,0.42303866906216625,0.5263241939115019
422,0.2354926296574778,0.40551064076811766,0.3589967639380416
423,0.02537614446315261,0.3163183742147242,0.6583055170492066
424,0.10089526393995532,0.4317102354230746,0.4673945122169999
425,0.16832358885283877,0.7386819647579659,0.09299436339926792
426,0.059372205287218094,0.42622748017311096,0.5144003033638
427,0.027076198857331882,0.40559780152822006,0.5673260029079845
428,0.02276082204339365,0.3510177209973335,0.6262214374878714
429,0.07914013145264329,0.7555189845038623,0.1653408305492343
430,0.1270582223764947,0.5173322659199152,0.35560950541623265
431,0.3261579120218163,0.6198137018940236,0.05402840913669897
432,0.028854862371060462,0.4780319958393062,0.4931131627942834
433,0.02756134427315451,0.6170283908801228,0.35541023400866933
434,0.12384698982838985,0.6517189586912835,0.22443400771467836
435,0.15601755575491832,0.6011434151576116,0.24283904318626112
436,0.26849658273788823,0.6497485933533633,0.08175479836245797
437,0.12641112970775123,0.5486239129549837,0.32496497598923235
438,0.04739241037321718,0.5722359089474929,0.3803716709739283
439,0.10252441717563449,0.7219505205347732,0.17552507739212062
440,0.023179922252893448,0.4654861390590668,0.5113340020179749
441,0.039047628687006494,0.44773567765217104,0.5132167009737691
442,0.1343359776430633,0.7154987239208956,0.1501653070956408
443,0.42066675250881286,0.30642909183336425,0.2729041415908524
444,0.10509247083353652,0.5930977714340201,0.3018098037122221
445,0.2647397011351674,0.6211673222593407,0.11409292723149506
446,0.3443278355079061,0.5192844883350562,0.13638767563882148
447,0.0796969510244985,0.6841962371312134,0.23610678949254624
448,0.25724347617049087,0.5267844385214715,0.21597210694933286
449,0.04558794806974056,0.47529163181159123,0.4791204190944787
450,0.03543477916827231,0.3392918523103913,0.6252734112593294
451,0.049969314212541575,0.24782893285457755,0.7022017867219947
452,0.17872884861036153,0.5118650266297567,0.3094060758294212
453,0.14188382029533386,0.6796871423721313,0.17842912673950195
454,0.0488933994345469,0.48435810943172397,0.46674850607571533
455,0.12060908657201674,0.6427282580281191,0.23666264926409206
456,0.20461470101560864,0.66946188722338,0.12592339334743363
457,0.12084246802243725,0.395326593333045,0.4838309212887691
458,0.0631451700687381,0.4563472055939629,0.4805076372645357
459,0.22198676984789767,0.573628010537812,0.2043851308372556
460,0.04917083313660835,0.529181223307083,0.4216479103067028
461,0.093997061252594,0.6924564242362976,0.2135465145111084
462,0.06843169521060631,0.5560063818526088,0.3755619097218821
463,0.04267701073973017,0.5398111547936093,0.41751183481378984
464,0.11957988142967224,0.6146236658096313,0.2657964527606964
465,0.0866753063735462,0.3827932191792355,0.5305314410117364
466,0.062060207236624726,0.364724759411599,0.5732150453675006
467,0.02871720526654854,0.37576603398020075,0.5955167399231858
468,0.048579156785685584,0.5635542073765317,0.387866657673162
469,0.04764928860953988,0.4817436730727218,0.4706070529002893
470,0.17430594112098652,0.5485549425556713,0.2771390606887149
471,0.03146339263051142,0.36055765727137656,0.6079789504756942
472,0.03159121423959732,0.6901999115943909,0.2782089114189148
473,0.08004879206418991,0.6736661791801453,0.24628505110740662
474,0.3294087812396291,0.511966238704795,0.1586249947502016
475,0.1051413850443871,0.5222844294289728,0.37257419766399413
476,0.07376712868507539,0.5263819125894871,0.39985091466870576
477,0.35187797115392794,0.5101208783074074,0.13800119112638845
478,0.027504226192831993,0.4202248156070709,0.5522709488868713
479,0.038984765670050874,0.4518872111852915,0.5091280739731584
480,0.06097238274580642,0.43187101033269143,0.5071566153545769
481,0.029254103026507834,0.4364541773867059,0.5342917490715264
482,0.24657909821888263,0.6705661893568255,0.08285472626713189
483,0.8036305904388428,0.18292208015918732,0.013447270728647709
484,0.04686144424974919,0.45421263754367835,0.49892596662044525
485,0.024589697364717722,0.278927743434906,0.6964825987815857
486,0.021744200878719176,0.3580651775885378,0.6201906560986621
487,0.04905590640726101,0.44471967114739586,0.5062244145316389
488,0.04106341674923897,0.43953484296798706,0.5194017291069031
489,0.08725710454415819,0.4178185892361467,0.4949242862891695
490,0.06708864607373062,0.40086382138485815,0.5320474951121271
491,0.06957706552204325,0.5939576620821186,0.3364652715069498
492,0.060486491118247304,0.536896587649981,0.40261693139870963
493,0.0596803382357471,0.6033388601409064,0.33698075285069967
494,0.028070251565973908,0.4763087626882074,0.4956209884435645
495,0.17190354357026222,0.6142020305310647,0.21389439174040095
496,0.025616793626284492,0.5073445043095617,0.46703870752595084
497,0.040320806205272675,0.4546654224395752,0.5050137639045715
498,0.04516587320639722,0.5146636190939124,0.44017053830469954
499,0.10841087798340893,0.6107715273998222,0.2808175612222023
500,0.025504960090199827,0.4275318161868827,0.5469632224464194
501,0.06899170714269166,0.5616777478932925,0.36933051576234055
502,0.03486887665800981,0.46480663370641867,0.5003244867143424
503,0.031090382637267704,0.2831744348734952,0.6857351774580023
504,0.07930590710317603,0.6522815424742573,0.2684125335338599
505,0.07246869816444815,0.4114149071276188,0.5161163517856039
506,0.012311719357967377,0.16354906558990479,0.8241391777992249
507,0.21012665979694903,0.6780988452727335,0.11177450547223551
508,0.32025388407427624,0.4543271522913407,0.22541893953318473
509,0.17897402425767922,0.7424892906235299,0.0785366532351324
510,0.27320621499460035,0.5317617168398519,0.19503206067122592
511,0.026988964527845383,0.5920854210853577,0.38092562556266785
512,0.031572443706341526,0.40374339946964444,0.5646841669899848
513,0.022091765608162145,0.3283258979697057,0.6495823916571829
514,0.02713805360678774,0.3270201442450502,0.6458418122173226
515,0.1942539907677073,0.49882414049084495,0.30692188570907547
516,0.043999720956533324,0.46336112904120547,0.49263921305948855
517,0.3631827862000342,0.5543341512696582,0.08248306986467471
518,0.03864833969836596,0.3864498237361673,0.5749018299775045
519,0.5660005537231374,0.3453020742071628,0.0886973786725549
520,0.032701186557928356,0.32753449571822146,0.6397643279357951
521,0.2101657942066428,0.540056295252866,0.24977789970604197
522,0.48961254954338074,0.4640248715877533,0.04636252298951149
523,0.03620442375540733,0.44460752606391907,0.5191880464553833
524,0.020543247925031885,0.3129400997481087,0.6665166511695255
525,0.25179003214552287,0.611118597643716,0.1370913641793387
526,0.19104830874846532,0.6791939542843746,0.12975767644552083
527,0.1655726397738737,0.637114437966565,0.1973129409915222
528,0.0840923053446723,0.6297914299253062,0.2861162803015826
529,0.35466355133753313,0.45364536577230924,0.19169108598650275
530,0.21011246079964305,0.5043001222742794,0.2855874396236585
531,0.08673607884528536,0.34706462661845205,0.5661992948389117
532,0.02924573809010019,0.2646066633409727,0.7061475861028225
533,0.943182647228241,0.055909641087055206,0.0009077278664335608
534,0.11360137909650803,0.8613683581352234,0.02503019943833351
535,0.07357722953955333,0.5949087901115417,0.33151398166020707
536,0.07693154892205059,0.6315933199789632,0.2914751043229092
537,0.16906207062440587,0.7919859455219354,0.038951968379667724
538,0.12430233849320284,0.5891894771212061,0.28650820193576215
539,0.15459688378525488,0.7485860715358716,0.09681706255292657
540,0.09291639943964451,0.5150043395049168,0.3920792135521301
541,0.3284040748562938,0.4979023183902857,0.1736936073232027
542,0.034479791559146156,0.3387873151510582,0.6267328830220058
543,0.10720468959486759,0.5855204139027868,0.30727488294736044
544,0.3628988335450807,0.5482659551251932,0.08883519942289686
545,0.025950582787459594,0.30191762947099177,0.6721317523431569
546,0.05214832518053682,0.439744098876652,0.5081075558536932
547,0.038169600867499355,0.5339791199534695,0.4278512744583702
548,0.08124462431857102,0.5748994516096688,0.34385596445219907
549,0.12887570526543018,0.5384138681442072,0.3327104093855767
550,0.4113483674881697,0.5411008406420907,0.04755079297104654
551,0.028161892667412758,0.362464040517807,0.6093740463256836
552,0.038850270080408866,0.5551372039160539,0.40601253837740897
553,0.03596573380879985,0.43802914688888106,0.526005105486194
554,0.03886340535640464,0.5869906474509193,0.37414595903264986
555,0.0948629517090982,0.47375457399798837,0.43138243687354916
556,0.13661660982546006,0.5184033854610761,0.34497999247391814
557,0.043619768377648645,0.5303153367891704,0.4260649303867392
558,0.18349715589142557,0.5967239841723493,0.21977883574169582
559,0.45091336965560913,0.5359262228012085,0.01316044107079506
560,0.3249310112162812,0.6207938471885577,0.054275134756957014
561,0.1211743722758384,0.5590179604153301,0.31980766976610553
562,0.03859766661997669,0.353997499243287,0.6074048586128172
563,0.26475149393081665,0.5210978388786316,0.21415065228939056
564,0.0336508884420389,0.5384036951464386,0.42794538014040795
565,0.2042075253771932,0.6547852955507428,0.14100714675830991
566,0.11808984073171958,0.6434764502088675,0.2384337105623478
567,0.1683410156157709,0.5922979616349744,0.23936101601969811
568,0.026927446946501732,0.5163652300834656,0.45670732855796814
569,0.335034467942934,0.4660879642355676,0.19887755967980056
570,0.07006566961469293,0.5335212124629961,0.3964131273487074
571,0.03580187261104584,0.6100189089775085,0.35417914390563965
572,0.02958793006837368,0.3627869486808777,0.6076251268386841
573,0.26546647368857546,0.540371995561886,0.19416151977476492
574,0.09710488642138868,0.3950695823149315,0.5078255344817709
575,0.05901908331406609,0.3315537600203276,0.6094271699751044
576,0.12266347990216066,0.336743923202157,0.540592623402675
577,0.3888098338153213,0.5235678286291658,0.08762231213622726
578,0.07020624216807926,0.5361412707446278,0.3936524306950362
579,0.398502403254175,0.5359266701259502,0.06557089763291267
580,0.04736352302982023,0.2540557671285686,0.6985806819969668
581,0.5198720671418237,0.3682287288511672,0.11189922654955853
582,0.029146515706169128,0.47333611322672786,0.49751736982189504
583,0.055876541317536915,0.5939506008707245,0.3501728877939027
584,0.25126720597841873,0.3725345473834846,0.37619825786859057
585,0.12275993807331834,0.631932585516854,0.2453074915253598
586,0.07370506972074509,0.6941712498664856,0.23212365806102753
587,0.7765626907348633,0.21976348757743835,0.0036738167982548475
588,0.012008863605392247,0.17880580928950265,0.8091853316218708
589,0.03515633298533056,0.5003561914514383,0.4644875017713752
590,0.04005230796828836,0.5343680919056207,0.42557958577960076
591,0.1712799169939314,0.707954262360246,0.12076578014809967
592,0.0405376585962183,0.6167696302845365,0.3426927146123571
593,0.025817081007761013,0.39847554038640554,0.5757074187273967
594,0.3740743892983749,0.5775367285196598,0.04838888640873707
595,0.09871707409272126,0.6590004788937969,0.24228247042710535
596,0.1830631730849613,0.4621742464573736,0.35476255838614423
597,0.09142254244286005,0.674528696035084,0.23404874821648192
598,0.24754755198955536,0.6187158226966858,0.13373664021492004
599,0.03283202040585734,0.38808597269512357,0.5790819951466152
600,0.3784382444168075,0.5433927382645982,0.07816903620403721
601,0.0244802757964194,0.32938707304952575,0.6461326964313933
602,0.030432541502361073,0.40855413469925655,0.5610133785306534
603,0.6143775582313538,0.3813251852989197,0.00429724482819438
604,0.46612199535507,0.467160997452674,0.0667169890012281
605,0.08003014623833889,0.657945480219037,0.26202441569610035
606,0.13694827556610106,0.6498963236808777,0.21315537989139555
607,0.18851373569132426,0.4022354106981676,0.4092508939268825
608,0.23006386269176374,0.5624577947240641,0.2074783564173321
609,0.012974878617147466,0.22260005621245343,0.764425083020023
610,0.11562076854179092,0.4061322567416102,0.4782469470695426
611,0.03734651713235544,0.5027011457842963,0.4599523417430349
612,0.13187053224454096,0.5393207628486211,0.32880871721121696
613,0.12051708401980787,0.3834796277089761,0.4960032536003452
614,0.05407748170345817,0.4652050449910572,0.4807174639678856
615,0.13357921082306046,0.7550329796507589,0.11138784782194988
616,0.02396973945611252,0.4621493429094926,0.5138809046799079
617,0.03474618121981621,0.5481407046318054,0.4171130657196045
618,0.6117247620775563,0.23350348167641216,0.15477176978991627
619,0.03202208558334705,0.4552977094602473,0.5126801540126216
620,0.09077949198123453,0.508936864099112,0.4002836455173534
621,0.020001181433990337,0.23594951238691142,0.7440492983259843
622,0.05369105330895429,0.5347197896014794,0.411589119268294
623,0.21893797572477755,0.6098822987223247,0.17117972411664137
624,0.05035994572240546,0.3598992525364788,0.5897408027471628
625,0.3240110484856955,0.5316640033688343,0.1443249326761694
626,0.04017526696706875,0.29358510870617416,0.6662396078292554
627,0.09624879246347406,0.4790473968795177,0.4247037934676538
628,0.059136693134023664,0.5341398113639042,0.4067234693071511
629,0.04263189435005188,0.8055129647254944,0.15185514092445374
630,0.055269386661722514,0.6160947301055425,0.32863587717582626
631,0.14440612620703736,0.5977913126064713,0.25780255836286364
632,0.03120192914166707,0.5889132757454691,0.3798847937732702
633,0.1459155987496629,0.5729388587101542,0.28114556071038044
634,0.01920545364290365,0.38126252918438397,0.599532027005263
635,0.07070456966419454,0.5581061086127784,0.3711893226722054
636,0.06783846318721772,0.5126639220039402,0.41949761322641793
637,0.01802977601178741,0.22673306499151574,0.7552371218700537
638,0.025579691878696784,0.43539687994914716,0.5390234537516968
639,0.0386619056652415,0.5547230504922362,0.4066150096862081
640,0.15280913207056798,0.6911785429738269,0.15601227871492007
641,0.04530607882792461,0.47699142923447757,0.47770249095198286
642,0.04728940113561566,0.539417279609145,0.41329333267885926
643,0.11182424058113676,0.5733709574475953,0.31480480397368277
644,0.5011490646869905,0.49103684819513754,0.007814094322102685
645,0.03394025701704441,0.46951001482521926,0.4965497347999206
646,0.08435700833797455,0.5028423070907593,0.412800669670105
647,0.199469080448828,0.5406934889202768,0.2598374199545519
648,0.02552228173080732,0.31995990279874037,0.6545177965648804
649,0.03155416780079787,0.29445769594265864,0.6739881234902602
650,0.01857706146535402,0.3714921692003357,0.6099307375087141
651,0.08675686317594397,0.5588613445401485,0.3543817616211987
652,0.30501326411328417,0.6564165531320775,0.03857017649298018
653,0.2426098839814595,0.5429927499452557,0.21439736550703284
654,0.022804759236761424,0.4876795993969504,0.4895156225008247
655,0.023159113467113742,0.32687764205194414,0.6499632631385676
656,0.1722037191312982,0.3843658346928026,0.44343039949299035
657,0.08983411846513098,0.6543164117769762,0.25584949742663987
658,0.05376864424470392,0.4389931529361477,0.5072382280521137
659,0.03395150680167798,0.31518305222082404,0.6508654184514583
660,0.06346944044261854,0.4512667180739949,0.48526381569595306
661,0.010072152542817646,0.16234256606428232,0.8275853083136789
662,0.14128893613815308,0.6719341278076172,0.18677692115306854
663,0.05433412471514505,0.3902809691925843,0.5553848824774226
664,0.13019857023443493,0.6014908700635582,0.26831052078432216
665,0.03168996796011925,0.35721272230148315,0.6110973358154297
666,0.02813010667686614,0.4418547796487361,0.5300151047630561
667,0.17506744384061634,0.2870302986734965,0.5379022590405359
668,0.15477392512760804,0.6975132494830013,0.14771273370120633
669,0.06886387988461636,0.49741983243185484,0.4337162586735256
670,0.13556017767020448,0.4813286552966481,0.383111162762988
671,0.05792305679441249,0.5522350309030065,0.389841940956858
672,0.12817401951228818,0.4872523346259024,0.3845736542027863
673,0.05314839724737864,0.5846861593539897,0.3621654467857801
